=== Hanoi pathfinder result ===
Cost: 2051
Path:
0000000000
2000000000
2100000000
1100000000
1120000000
0120000000
0220000000
2220000000
2221000000
1221000000
1021000000
0021000000
0011000000
2011000000
2111000000
1111000000
1111200000
0111200000
0211200000
2211200000
2201200000
1201200000
1001200000
0001200000
0002200000
2002200000
2102200000
1102200000
1122200000
0122200000
0222200000
2222200000
2222210000
1222210000
1022210000
0022210000
0012210000
2012210000
2112210000
1112210000
1110210000
0110210000
0210210000
2210210000
2200210000
1200210000
1000210000
0000210000
0000110000
2000110000
2100110000
1100110000
1120110000
0120110000
0220110000
2220110000
2221110000
1221110000
1021110000
0021110000
0011110000
2011110000
2111110000
1111110000
1111112000
0111112000
0211112000
2211112000
2201112000
1201112000
1001112000
0001112000
0002112000
2002112000
2102112000
1102112000
1122112000
0122112000
0222112000
2222112000
2222012000
1222012000
1022012000
0022012000
0012012000
2012012000
2112012000
1112012000
1110012000
0110012000
0210012000
2210012000
2200012000
1200012000
1000012000
0000012000
0000022000
2000022000
2100022000
1100022000
1120022000
0120022000
0220022000
2220022000
2221022000
1221022000
1021022000
0021022000
0011022000
2011022000
2111022000
1111022000
1111222000
0111222000
0211222000
2211222000
2201222000
1201222000
1001222000
0001222000
0002222000
2002222000
2102222000
1102222000
1122222000
0122222000
0222222000
2222222000
2222222100
1222222100
1022222100
0022222100
0012222100
2012222100
2112222100
1112222100
1110222100
0110222100
0210222100
2210222100
2200222100
1200222100
1000222100
0000222100
0000122100
2000122100
2100122100
1100122100
1120122100
0120122100
0220122100
2220122100
2221122100
1221122100
1021122100
0021122100
0011122100
2011122100
2111122100
1111122100
1111102100
0111102100
0211102100
2211102100
2201102100
1201102100
1001102100
0001102100
0002102100
2002102100
2102102100
1102102100
1122102100
0122102100
0222102100
2222102100
2222002100
1222002100
1022002100
0022002100
0012002100
2012002100
2112002100
1112002100
1110002100
0110002100
0210002100
2210002100
2200002100
1200002100
1000002100
0000002100
0000001100
2000001100
2100001100
1100001100
1120001100
0120001100
0220001100
2220001100
2221001100
1221001100
1021001100
0021001100
0011001100
2011001100
2111001100
1111001100
1111201100
0111201100
0211201100
2211201100
2201201100
1201201100
1001201100
0001201100
0002201100
2002201100
2102201100
1102201100
1122201100
0122201100
0222201100
2222201100
2222211100
1222211100
1022211100
0022211100
0012211100
2012211100
2112211100
1112211100
1110211100
0110211100
0210211100
2210211100
2200211100
1200211100
1000211100
0000211100
0000111100
2000111100
2100111100
1100111100
1120111100
0120111100
0220111100
2220111100
2221111100
1221111100
1021111100
0021111100
0011111100
2011111100
2111111100
1111111100
1111111120
0111111120
0211111120
2211111120
2201111120
1201111120
1001111120
0001111120
0002111120
2002111120
2102111120
1102111120
1122111120
0122111120
0222111120
2222111120
2222011120
1222011120
1022011120
0022011120
0012011120
2012011120
2112011120
1112011120
1110011120
0110011120
0210011120
2210011120
2200011120
1200011120
1000011120
0000011120
0000021120
2000021120
2100021120
1100021120
1120021120
0120021120
0220021120
2220021120
2221021120
1221021120
1021021120
0021021120
0011021120
2011021120
2111021120
1111021120
1111221120
0111221120
0211221120
2211221120
2201221120
1201221120
1001221120
0001221120
0002221120
2002221120
2102221120
1102221120
1122221120
0122221120
0222221120
2222221120
2222220120
1222220120
1022220120
0022220120
0012220120
2012220120
2112220120
1112220120
1110220120
0110220120
0210220120
2210220120
2200220120
1200220120
1000220120
0000220120
0000120120
2000120120
2100120120
1100120120
1120120120
0120120120
0220120120
2220120120
2221120120
1221120120
1021120120
0021120120
0011120120
2011120120
2111120120
1111120120
1111100120
0111100120
0211100120
2211100120
2201100120
1201100120
1001100120
0001100120
0002100120
2002100120
2102100120
1102100120
1122100120
0122100120
0222100120
2222100120
2222000120
1222000120
1022000120
0022000120
0012000120
2012000120
2112000120
1112000120
1110000120
0110000120
0210000120
2210000120
2200000120
1200000120
1000000120
0000000120
0000000220
2000000220
2100000220
1100000220
1120000220
0120000220
0220000220
2220000220
2221000220
1221000220
1021000220
0021000220
0011000220
2011000220
2111000220
1111000220
1111200220
0111200220
0211200220
2211200220
2201200220
1201200220
1001200220
0001200220
0002200220
2002200220
2102200220
1102200220
1122200220
0122200220
0222200220
2222200220
2222210220
1222210220
1022210220
0022210220
0012210220
2012210220
2112210220
1112210220
1110210220
0110210220
0210210220
2210210220
2200210220
1200210220
1000210220
0000210220
0000110220
2000110220
2100110220
1100110220
1120110220
0120110220
0220110220
2220110220
2221110220
1221110220
1021110220
0021110220
0011110220
2011110220
2111110220
1111110220
1111112220
0111112220
0211112220
2211112220
2201112220
1201112220
1001112220
0001112220
0002112220
2002112220
2102112220
1102112220
1122112220
0122112220
0222112220
2222112220
2222012220
1222012220
1022012220
0022012220
0012012220
2012012220
2112012220
1112012220
1110012220
0110012220
0210012220
2210012220
2200012220
1200012220
1000012220
0000012220
0000022220
2000022220
2100022220
1100022220
1120022220
0120022220
0220022220
2220022220
2221022220
1221022220
1021022220
0021022220
0011022220
2011022220
2111022220
1111022220
1111222220
0111222220
0211222220
2211222220
2201222220
1201222220
1001222220
0001222220
0002222220
2002222220
2102222220
1102222220
1122222220
0122222220
0222222220
2222222220
2222222221
1222222221
1022222221
0022222221
0012222221
2012222221
2112222221
1112222221
1110222221
0110222221
0210222221
2210222221
2200222221
1200222221
1000222221
0000222221
0000122221
2000122221
2100122221
1100122221
1120122221
0120122221
0220122221
2220122221
2221122221
1221122221
1021122221
0021122221
0011122221
2011122221
2111122221
1111122221
1111102221
0111102221
0211102221
2211102221
2201102221
1201102221
1001102221
0001102221
0002102221
2002102221
2102102221
1102102221
1122102221
0122102221
0222102221
2222102221
2222002221
1222002221
1022002221
0022002221
0012002221
2012002221
2112002221
1112002221
1110002221
0110002221
0210002221
2210002221
2200002221
1200002221
1000002221
0000002221
0000001221
2000001221
2100001221
1100001221
1120001221
0120001221
0220001221
2220001221
2221001221
1221001221
1021001221
0021001221
0011001221
2011001221
2111001221
1111001221
1111201221
0111201221
0211201221
2211201221
2201201221
1201201221
1001201221
0001201221
0002201221
2002201221
2102201221
1102201221
1122201221
0122201221
0222201221
2222201221
2222211221
1222211221
1022211221
0022211221
0012211221
2012211221
2112211221
1112211221
1110211221
0110211221
0210211221
2210211221
2200211221
1200211221
1000211221
0000211221
0000111221
2000111221
2100111221
1100111221
1120111221
0120111221
0220111221
2220111221
2221111221
1221111221
1021111221
0021111221
0011111221
2011111221
2111111221
1111111221
1111111021
0111111021
0211111021
2211111021
2201111021
1201111021
1001111021
0001111021
0002111021
2002111021
2102111021
1102111021
1122111021
0122111021
0222111021
2222111021
2222011021
1222011021
1022011021
0022011021
0012011021
2012011021
2112011021
1112011021
1110011021
0110011021
0210011021
2210011021
2200011021
1200011021
1000011021
0000011021
0000021021
2000021021
2100021021
1100021021
1120021021
0120021021
0220021021
2220021021
2221021021
1221021021
1021021021
0021021021
0011021021
2011021021
2111021021
1111021021
1111221021
0111221021
0211221021
2211221021
2201221021
1201221021
1001221021
0001221021
0002221021
2002221021
2102221021
1102221021
1122221021
0122221021
0222221021
2222221021
2222220021
1222220021
1022220021
0022220021
0012220021
2012220021
2112220021
1112220021
1110220021
0110220021
0210220021
2210220021
2200220021
1200220021
1000220021
0000220021
0000120021
2000120021
2100120021
1100120021
1120120021
0120120021
0220120021
2220120021
2221120021
1221120021
1021120021
0021120021
0011120021
2011120021
2111120021
1111120021
1111100021
0111100021
0211100021
2211100021
2201100021
1201100021
1001100021
0001100021
0002100021
2002100021
2102100021
1102100021
1122100021
0122100021
0222100021
2222100021
2222000021
1222000021
1022000021
0022000021
0012000021
2012000021
2112000021
1112000021
1110000021
0110000021
0210000021
2210000021
2200000021
1200000021
1000000021
0000000021
0000000011
2000000011
2100000011
1100000011
1120000011
0120000011
0220000011
2220000011
2221000011
1221000011
1021000011
0021000011
0011000011
2011000011
2111000011
1111000011
1111200011
0111200011
0211200011
2211200011
2201200011
1201200011
1001200011
0001200011
0002200011
2002200011
2102200011
1102200011
1122200011
0122200011
0222200011
2222200011
2222210011
1222210011
1022210011
0022210011
0012210011
2012210011
2112210011
1112210011
1110210011
0110210011
0210210011
2210210011
2200210011
1200210011
1000210011
0000210011
0000110011
2000110011
2100110011
1100110011
1120110011
0120110011
0220110011
2220110011
2221110011
1221110011
1021110011
0021110011
0011110011
2011110011
2111110011
1111110011
1111112011
0111112011
0211112011
2211112011
2201112011
1201112011
1001112011
0001112011
0002112011
2002112011
2102112011
1102112011
1122112011
0122112011
0222112011
2222112011
2222012011
1222012011
1022012011
0022012011
0012012011
2012012011
2112012011
1112012011
1110012011
0110012011
0210012011
2210012011
2200012011
1200012011
1000012011
0000012011
0000022011
2000022011
2100022011
1100022011
1120022011
0120022011
0220022011
2220022011
2221022011
1221022011
1021022011
0021022011
0011022011
2011022011
2111022011
1111022011
1111222011
0111222011
0211222011
2211222011
2201222011
1201222011
1001222011
0001222011
0002222011
2002222011
2102222011
1102222011
1122222011
0122222011
0222222011
2222222011
2222222111
1222222111
1022222111
0022222111
0012222111
2012222111
2112222111
1112222111
1110222111
0110222111
0210222111
2210222111
2200222111
1200222111
1000222111
0000222111
0000122111
2000122111
2100122111
1100122111
1120122111
0120122111
0220122111
2220122111
2221122111
1221122111
1021122111
0021122111
0011122111
2011122111
2111122111
1111122111
1111102111
0111102111
0211102111
2211102111
2201102111
1201102111
1001102111
0001102111
0002102111
2002102111
2102102111
1102102111
1122102111
0122102111
0222102111
2222102111
2222002111
1222002111
1022002111
0022002111
0012002111
2012002111
2112002111
1112002111
1110002111
0110002111
0210002111
2210002111
2200002111
1200002111
1000002111
0000002111
0000001111
2000001111
2100001111
1100001111
1120001111
0120001111
0220001111
2220001111
2221001111
1221001111
1021001111
0021001111
0011001111
2011001111
2111001111
1111001111
1111201111
0111201111
0211201111
2211201111
2201201111
1201201111
1001201111
0001201111
0002201111
2002201111
2102201111
1102201111
1122201111
0122201111
0222201111
2222201111
2222211111
1222211111
1022211111
0022211111
0012211111
2012211111
2112211111
1112211111
1110211111
0110211111
0210211111
2210211111
2200211111
1200211111
1000211111
0000211111
0000111111
2000111111
2100111111
1100111111
1120111111
0120111111
0220111111
2220111111
2221111111
1221111111
1021111111
0021111111
0011111111
2011111111
2111111111
1111111111
